#####################################################################
# CTA South Baseline Layout
# Prod4 North
# 4 LSTs, 25 MSTs, 70 SSTs
#
# Column 1: prod4 telescope number
# Column 2: FOV (deg)
# Column 3: dynamical range (bit)
# Column 4: for no-FADC analysis: use raw or calibrated (default) sum
# Column 5: CTAO telescope number
#
#####################################################################
1          20.     12    1     L-03
2          20.     12    1     L-01
3          20.     12    1     L-02
4          20.     12    1     L-04
5          20.     12    1     M-01
6          20.     12    1     M-04
7          20.     12    1     M-02
8          20.     12    1     M-07
9          20.     12    1     M-08
10          20.     12    1     M-11
11          20.     12    1     M-12
12          20.     12    1     M-06
13          20.     12    1     M-09
14          20.     12    1     M-16
15          20.     12    1     M-10
16          20.     12    1     M-13
17          20.     12    1     M-21
18          20.     12    1     M-05
19          20.     12    1     M-03
20          20.     12    1     M-15
21          20.     12    1     M-17
22          20.     12    1     M-20
23          20.     12    1     M-22
24          20.     12    1     M-14
25          20.     12    1     M-18
26          20.     12    1     M-24
27          20.     12    1     M-19
28          20.     12    1     M-23
29          20.     12    1     M-25
30          20.     12    1     S-01
31          20.     12    1     S-02
32          20.     12    1     S-03
33          20.     12    1     S-04
34          20.     12    1     S-05
35          20.     12    1     S-06
36          20.     12    1     S-07
37          20.     12    1     S-08
38          20.     12    1     S-15
39          20.     12    1     S-16
40          20.     12    1     S-17
41          20.     12    1     S-18
42          20.     12    1     S-09
43          20.     12    1     S-10
44          20.     12    1     S-11
45          20.     12    1     S-12
46          20.     12    1     S-13
47          20.     12    1     S-14
48          20.     12    1     S-21
49          20.     12    1     S-22
50          20.     12    1     S-23
51          20.     12    1     S-24
52          20.     12    1     S-19
53          20.     12    1     S-20
54          20.     12    1     S-29
55          20.     12    1     S-30
56          20.     12    1     S-25
57          20.     12    1     S-26
58          20.     12    1     S-27
59          20.     12    1     S-28
60          20.     12    1     S-31
61          20.     12    1     S-32
62          20.     12    1     S-37
63          20.     12    1     S-38
64          20.     12    1     S-41
65          20.     12    1     S-42
66          20.     12    1     S-33
67          20.     12    1     S-34
68          20.     12    1     S-39
69          20.     12    1     S-40
70          20.     12    1     S-43
71          20.     12    1     S-44
72          20.     12    1     S-35
73          20.     12    1     S-36
74          20.     12    1     S-45
75          20.     12    1     S-46
76          20.     12    1     S-47
77          20.     12    1     S-48
78          20.     12    1     S-57
79          20.     12    1     S-58
80          20.     12    1     S-49
81          20.     12    1     S-50
82          20.     12    1     S-53
83          20.     12    1     S-54
84          20.     12    1     S-51
85          20.     12    1     S-52
86          20.     12    1     S-55
87          20.     12    1     S-56
88          20.     12    1     S-59
89          20.     12    1     S-60
90          20.     12    1     S-63
91          20.     12    1     S-64
92          20.     12    1     S-61
93          20.     12    1     S-62
94          20.     12    1     S-65
95          20.     12    1     S-66
96          20.     12    1     S-67
97          20.     12    1     S-68
98          20.     12    1     S-69
99          20.     12    1     S-70
