1    20
2    20
3    20
4    20
5    20
6    20
7    20
8    20
9    20
10    20
11    20
12    20
13    20
14    20
15    20
16    20
17    20
18    20
19    20
20    20
21    20
22    20
23    20
24    20
25    20
26    20
27    20
28    20
29    20    12    1
30    20    12    1
31    20    12    1
32    20    12    1
33    20    12    1
34    20    12    1
35    20    12    1
36    20    12    1
37    20    12    1
38    20    12    1
39    20    12    1
40    20    12    1
41    20    12    1
42    20    12    1
43    20    12    1
44    20    12    1
45    20    12    1
46    20    12    1
47    20    12    1
48    20    12    1
49    20    12    1
50    20    12    1
51    20    12    1
52    20    12    1
53    20
54    20
55    20
56    20
57    20
58    20
59    20
60    20
61    20
62    20
63    20
64    20
65    20
66    20
67    20
68    20
69    20
70    20
71    20
72    20
73    20
74    20
75    20
76    20
77    20
78    20
79    20
80    20
81    20
82    20
83    20
84    20
85    20
86    20
87    20
88    20
89    20
90    20
91    20
92    20
93    20
94    20
95    20
96    20
97    20
98    20
99    20
100    20
101    20
